(0,0)
(1,0)
(2,2)
(2,2)
(2,2)
(3,3)
(4,3)
(4,4) //28
(5,4)
(-3,-4)
(1,-32) // 33
(3,-32)
(-1,-32)
(2,-64) // 37
(8,-28)
(2,-28)
(-2046,-128) // 41
(10,-28)
(0,-28)
(-4092,-256) // 45
1 0 // 47
0 0 1 1 // 48 49
0 1 // 51
0 1 0 1 // 52 53
(0,-3) (-2,-6) (-2,-6) // 58
(0,-3) (2,-6) (2,-6) // 62
(211,-20) // 70


(1,2) (3,4) (5,6) (7,8) // 88
(19,-278) // 89
0 1 // 92
0 0 1 1 // 93
1 0 // 95
0 1 0 1 // 96
(4,6) (-4,-4) (-9,22) (3,0) (6,0) //103
(6,4) (10,8) (10,8) // 107
(-2,4) (-6,8) (-6,8) // 111


(3,6) (6,5) (4,4) (5,6) // 88
(-47,-294) // 89
0 1 // 92
0 0 1 1 // 93
1 0 // 95
0 1 0 1 // 96
(9,11) (-1,2) (-21,48) (6,0) (4,0) // 103
(3,-2) (4,-4) (4,-4) // 107
(1,-2) (0,-4) (0,-4) // 111